Pheno
5.81412948446491
4.89436745686281
3.11918797712009
0.993407765909244
1.69900732841476
-4.1814904791719
6.97793946475949
-3.07808612526614
0.429863827807352
-6.74471634455985
-1.01509114016202
3.7674238500028
2.62459798900504
-0.999845210302573
6.00456665733667
-9.4380060726463
8.94252677389919
-1.601008153118
-6.37742431007589
-12.9209083337869
-12.7952040602749
-2.43767045404409
0.0867433143064191
5.53650985484376
7.599305702079
2.66944159007429
-4.97728691316325
-3.16825877043232
6.4630589793961
-3.9928866537127
3.49528529868026
6.7148924479837
-1.06683697509663
4.56959896761213
5.20549779494777
2.78654376764567
3.71202746144759
3.42520731929489
-0.849407807509843
-6.69714651104976
-0.0257279592566715
2.56169520164678
2.41719475476232
-5.28894934706913
6.70019175547241
1.87661068152736
3.46809976766632
-0.268314971039893
1.20990277499806
7.04753907632016
1.69358397569184
2.23084791994683
8.98172248523126
2.9307891023828
-8.18192476797305
2.77570910090439
0.742284821907773
4.6775458482871
1.19519360030677
-4.11443291587684
0.220917176000044
0.223529872044575
-19.7897149024383
3.56100189600531
-8.01044155502864
-5.36239065203555
-3.35991111325694
-0.691390113732078
9.33109683943757
5.10287007327276
-4.78024065083762
1.89344111681218
11.4342151478596
-6.37981226900719
5.86992905874159
-11.8333853366004
3.84397149945795
-8.81004325863248
9.99357731534136
3.69723388501054
-0.560840016872197
0.758495221283711
7.00467143699186
8.06802642493812
-0.694609014393028
-1.24219961513087
-5.4618743676194
-5.18999527076513
4.99665643485546
-1.38359448938353
18.8714386066077
9.97742020277812
-2.27873124255377
-2.72260836947218
-10.9264184106598
-3.97423454438886
5.8461946847317
3.37021465604398
7.60922812873461
4.28748521303309
-9.24099464418407
-11.8349296566676
2.76668967810067
-9.0914911714018
4.48491167495473
-4.59611105711801
6.85926134676732
-7.41595348341617
1.46307568183424
7.19837996127676
-5.26063211045122
8.8262091462833
-5.95282581446661
-2.6135530819555
8.17738286886064
0.56284545436801
-13.8673193233539
1.25357060268093
-8.27081432842813
-2.18315464989783
-3.63170387903754
-1.35377389885911
6.19734432803905
-5.505917185401
2.88699474869579
-8.87484887239667
-1.34838800101862
1.41502016569764
2.36208895033203
-4.15518350148676
5.89825209104004
2.88883639900228
-5.17798027354506
-1.20321557593634
-7.62698403448033
-6.08372350420069
7.91406961491061
-8.93445390630785
5.95355664500827
2.30162047084264
-3.4152862998347
-7.03878258072634
-1.89980305261968
-2.33127140760228
-5.56522268647667
2.16774498770706
5.28990420956015
-2.39006652887922
-1.4257506240501
12.9867921959996
-0.693276456991224
-2.65744697051103
1.95236712363895
3.17861249525965
14.4977722719462
-9.54369703478199
10.0838593309005
-1.53911316598929
3.85473130401839
-4.4189562322211
-7.79024697785097
-4.04845828876066
0.370506241487296
-0.240648701579038
8.16309342152601
-11.1744607167058
-3.13898856611403
7.93478454957323
-13.318845897182
14.3125507796517
7.355000204249
3.20502063804509
-2.7175402812922
8.63898051317897
11.1092439780256
-1.52111386282051
-10.1588641577257
1.99694465708439
8.54394450460476
-3.85820451131731
-4.30870632523746
-4.34006496032654
13.7510465929682
-9.17954819643718
-1.02946226797014
6.23383027743879
8.5979663324457
-7.40982511578352
2.72568187093098
-3.9050512662328
-1.00427785105461
-5.06511293510735
3.81993327172842
2.75184600844561
7.41696463505424
3.2688838680834
8.98225864572315
1.59546886431015
6.16134914702321
5.80908502198337
-17.0140232366061
3.06386489723985
-8.29597188079126
1.02837563157565
-3.42689426743766
-1.44750204495065
-6.73369108997824
-7.54572191186394
-6.24996526067842
5.55574264253435
-6.96625123199431
-0.546069467498486
-0.0202800965008794
3.79786807917908
0.120862696233859
4.2803710450533
-11.7732189010589
-12.2389887884385
-5.23115142577366
6.92703915028182
-6.04959374267701
6.37139581913685
0.516643775749257
-7.95104947312502
5.92864824660773
-5.47121700914826
-2.14380540783785
-3.64635649542178
-10.3817601309402
5.94308176801798
10.7100406420222
9.7108387719193
-7.17686787254231
11.3149004468715
-3.16671464232381
3.93876536778031
-2.16722920303465
3.37910315377069
0.0702072763168953
-0.871636332943375
-7.35660978489355
-0.335627403240849
6.10652462425662
-4.96872617014599
0.124262034231591
-3.40610157772744
-0.234619063640201
3.30884909045698
3.3221700619923
-0.917243166886802
-0.287087398578335
3.87847856735456
-11.1419839627409
-6.55289941160772
1.18729817505843
6.16638233373488
-8.1763567622731
-8.64951172389353
-7.13403961730777
9.27094709146893
16.3231046286685
2.94736293159817
-1.55094913132237
6.52566099288053
3.20884132385256
6.60024718237551
1.83335194016046
12.325175318709
4.79492298477775
4.19606972661001
2.68923798522027
3.43274398046945
-1.06485867029947
13.0095085048179
-1.39996282331719
3.94160369697181
16.2735056516949
-3.23961601432206
3.46706335563914
-2.48006979322523
2.89742079394236
2.21562271727055
7.36243254007007
1.61488149956484
3.40738812604208
-2.33693493284781
-12.7707757619296
16.5948971160907
-3.79083465606526
-12.846232018706
2.82609384439613
-4.55926123796801
-0.00170570287013998
0.41821971173336
7.10738270327324
0.347539272922627
3.67623573986003
-1.78983593754121
-0.217285717430231
6.13397340095884
9.86676944047946
-8.59110541352114
6.5569631529237
-5.52584128255551
0.231619613089901
0.710728175638501
5.06076351420826
2.7455210921186
0.821183384960219
5.81255245347075
6.77334680882915
-0.649809979552881
-0.264331577360647
-4.01712687941775
2.99576442394999
-1.92242030195125
5.48127990063437
-10.1926911424733
-10.0821202247755
-3.71007479637449
-2.02824730978092
-1.11745755045923
-0.860823391861364
-6.66951145469315
-3.70670608484188
0.600890771051358
4.37722734327563
-5.35796545860142
0.526754482335011
-2.40718864957921
2.96703247883489
-6.10744868319117
3.41602322858039
-2.16935875663257
-2.76542329803174
5.74012431249181
4.50320317228667
-5.66397763180695
-7.71690821490459
-4.39571214596228
5.36025482655438
-13.2021611593498
-6.68555121245123
-2.1841975541943
-5.05596327616124
1.35328239295922
3.20273588949328
1.30675187008102
-2.6473284433147
4.34095640341277
-0.994720714843566
-1.11959845211549
-0.258009967400473
11.2111258387558
5.74212865442361
4.04327039485379
-7.20109015799386
0.582252562637253
1.15312897238639
1.90190959865596
-2.00970834858144
0.940012201941728
4.88100638725016
-0.962646729379625
2.1158874072907
-5.07952187980522
-13.0889591569793
-7.9999476814944
6.07155484460466
-2.24946761394813
4.11565841520794
-3.69638970010361
-2.09180031806841
11.8997885476345
4.78099833486855
2.07854433682162
-4.12513444050253
6.13684355630702
6.88450783105102
-0.755779002708244
-1.93047024785993
7.15918575706621
-2.1989742900064
-3.83452964241767
11.6465162551695
-6.80970918427858
-0.66916871467332
-5.98941070176548
4.69102806313464
-5.46113922461028
-5.31521186222806
-3.25944599841221
1.36717169447538
11.2082416810232
0.405618217201819
10.7867419672179
-5.20355498268747
-7.04053514720254
-3.95430900828852
0.125970208373841
2.9541011376823
-3.82727662784794
3.70298192977457
-4.85578542471341
7.04611161288449
-13.3009724824135
-6.5484470436417
-0.919377556834752
12.17337127606
-8.43935350993985
-1.89680549968796
0.779195736989346
15.1872789713903
8.31487276868423
7.34539974287125
-0.209530126326615
-3.45476477259806
-1.96781684834757
-3.07155530145335
10.9969375488113
-0.905742627509956
-3.3917792927008
-2.27425593956644
-1.09712802213051
9.49330027716126
-10.5434827303009
-8.14097252426276
11.4642656186136
5.07755643304352
9.05955673878727
2.82423104025994
4.1879558448308
1.86012593060269
-1.96991035185801
0.920649416290427
-2.04704945874672
-5.50603084323299
1.33967652435726
0.11509833615225
3.33435603418313
-13.4756416452759
8.07795645761636
3.78265868341009
5.41156832520625
-1.56425599476376
11.0212457803838
-7.28058259085768
-3.82532134096913
-4.46713212607887
8.67055571097595
-9.98140649813601
-1.23123017375438
6.63844707975655
-3.00773267838248
2.73646930981345
5.19382505187367
4.67459732502235
-5.77418669430854
-2.11536197640142
5.08636259644714
0.636236424581009
-3.38774579589418
-10.4058848574985
-4.74957798440954
-0.825889745229473
0.164410399841979
0.216334204252683
0.901669674291723
-6.44913137047654
-7.00112413645077
-4.27930272451431
-4.26605338429081
-5.22470401348637
-11.6854425747005
-3.29503546675049
-5.18509102524994
1.95790125728598
6.68320845514756
0.558806985691575
3.46258228984293
-2.79714126390215
16.1753435714775
-3.851725291482
6.5473616831354
-3.14695317104457
-0.290688989848443
-4.50655963927832
-1.84532549556055
3.86190021480235
-1.97884110846418
-9.1600599041995
-3.1680142656913
6.11095591471892
8.96526243279257
-0.00689810183510108
0.468651981734465
-2.25660731301646
4.54354684598186
13.692927028904
15.1714617039687
-3.74028754777485
-2.66912882128166
-4.37936693804604
-5.62148323954605
7.9233636375606
-0.423089933632391
0.355967124185365
0.433149398927439
12.0885717207219
4.2986080591481
-2.37335546632063
1.83953026901661
-7.97418559942603
-10.0770032969317
5.45204980254546
-13.4117284938535
-3.62058317648688
-10.2960686131118
-10.5558674354311
-7.50194381354723
8.86001467386204
5.78766482583294
5.39453682451601
-2.0576572176462
-5.33174319236911
1.06108347717319
-5.74927760562536
8.11656640536575
2.95180356239651
1.0315527821743
-1.26406403922897
0.373554675083516
1.15373483025267
-1.77886800578482
-2.72279243352726
0.605309568816659
1.40513339602321
0.723460263596209
1.06555818332633
11.8492705655046
10.2399791501711
4.7167146469248
-0.0119207518326816
12.5145507580262
4.28738226842545
7.25639376463731
0.289891454365477
-4.32858471663346
1.19084976654499
14.0882381112807
-7.20630976507196
13.0741905100701
-5.44538718809586
5.61631726535443
-9.68144745162993
13.8342095951714
-4.57301777304287
3.75716944923283
-0.428624945719527
-6.9757673999666
-2.98881001979899
1.86233856328392
-8.55873437058456
4.76255277482268
10.3504851699745
10.3281455683182
-7.2972054737966
-7.71559211217469
-6.27463258664931
2.59990761804986
5.00873091396387
1.57307014674685
5.70915775574059
-7.62933598785569
-0.0700027991278
8.91468068786689
-12.9142692644885
-3.78632124982586
-0.095961069247356
-1.5096428789769
7.26534496106232
-6.69249061548619
-1.15148156523585
-2.04987896071927
5.60690281798788
-5.66586887707503
-6.07929328238472
4.85722497935822
7.11029416133342
-1.63249251095918
4.45917750365459
3.13078445199077
-0.215591041464617
2.85047938878829
-8.06132135473835
-3.06398793739011
-11.8985447975769
-5.0851999016218
4.70530033051781
-16.1410752567417
3.94139652068622
2.68774815577191
4.06722602748229
5.21740481455661
-7.41431202575297
-6.11274229984691
-1.9987035715964
-4.032286992233
3.1049256573857
2.38208440181396
2.22945019897759
0.686316128076383
-4.57261173678751
-3.28681735071985
-5.4587170682983
9.56623633963664
-7.86186173827377
-0.0662555964697868
1.77118445700278
3.06172194930165
7.5856576828032
4.20355652294232
-6.95876443359256
-8.46840967808867
0.57860706264863
-2.73777056531206
-1.17526322324122
-0.299399266686987
-4.64910545074274
-0.0738494091954196
-0.617191075789135
-6.31421715068905
5.28809305771849
-6.76566804595085
-7.95793916393692
0.867809167266881
-11.7791780011459
17.0714742817169
-6.75333349546992
-7.24225380868386
-9.87488221307304
0.348111579203156
0.415244136315769
-3.8483368718637
1.95389662997451
-9.05749743594013
-8.85781954010517
4.76180270660098
1.04884522805062
4.99250632646723
-10.5041115099975
-7.45768618476248
-3.60016160742036
9.54887530039892
-7.39520844955393
0.670009967248441
-3.58689494056296
-6.89081053640038
-4.17490057426189
7.26054939251289
0.881457942567075
0.484620194327348
1.62910444033982
-9.98181388719421
3.77326360291466
-10.344485865149
3.01778017250749
-6.46841347026401
-3.26573475013368
1.89776666554917
-2.35678768679076
-3.98528842794035
4.50219676812645
-3.82044131193058
-13.936540870441
-4.78153511443292
1.61423104029912
1.53499409217829
-2.38066563479658
14.1495787223997
-3.79389575511357
1.27257095865858
-5.79017382092227
-12.0453510784655
10.4235318914064
2.64122161769713
2.15433010846275
-7.00232585174031
8.29378918388902
-8.81021072510063
2.02245511135914
-3.71573286208338
-3.80642732029772
-4.27509816019522
-7.25004216888431
3.62296548995366
-11.7916013320159
-4.99373818324987
-2.75206777014553
10.2042248492458
7.60765536684142
-2.07904028263056
-6.84819546896654
3.59197705157675
6.07434928984557
0.688921869822023
4.16421447241118
9.56423184811504
-0.874397619260356
-3.34489283918956
0.286913334464449
1.95576489477615
1.49894882660478
-2.35155607185441
-5.75661752563884
8.65777758901687
10.6457377857237
2.96009578127673
0.717226129992047
4.73379742497151
1.77334879283873
3.1106408400181
3.90979892409468
2.10094093503195
-0.4063526602746
1.91830138177982
-3.9500954503843
0.830432495777122
-3.33735855783759
7.28789812668367
-1.36843787586653
-9.30893277539824
-7.30166601689473
-6.58805037867404
-5.96712817336314
-0.37897481327572
4.87014266842034
-2.27223690254319
-2.42408001378182
5.01416655282546
-5.62471899813845
-3.59762306210018
-11.9832652851273
-1.26809397807403
7.69273322157953
-3.24550618479763
-6.69228205769145
-8.19577679828867
-4.19690684218394
-3.29793460104298
-0.607526007259472
-6.68087148502118
-1.32729920153133
-5.07601679555703
-4.97217596712437
5.11781207502161
-2.12557523848238
-6.87055787646569
-1.66240861232321
-2.11010628831966
3.93148853472097
-3.64024248609626
-5.7430587168182
-15.7715922056146
18.7308364230305
-3.14251289600584
-4.51128506260755
-4.84728178692363
2.79503184085853
2.61768690219132
-6.95917954683936
4.31615084105153
-2.96970208637382
-1.73984905654948
-3.30784115154344
-14.5597577250774
2.6400492327813
-7.75731016794737
4.71790214441727
-3.58216783961973
2.27133378011789
-2.04401888095336
11.8341056319308
-1.72398968964466
-1.12361392179392
5.64782510178388
-11.6008637382425
4.73670802502022
2.27598179370782
-17.1172382455009
-4.78179815685994
6.90342484253999
-4.1227799804213
-4.09850222169709
-1.77754891700714
2.78573148465307
-0.684907744094547
-2.65554027823953
2.345812183134
-10.8788411041225
-8.72867631208039
2.5618071649804
-2.34413150912386
-4.14200730024254
-5.1583351594739
-4.67536182711074
-10.4390736815815
10.0378129759667
8.05819572720724
0.602887274437884
7.65805990430931
6.92583886362641
9.66141598845678
1.53533639405855
-12.6944737350826
-4.79009060470169
-8.90233999240734
-1.1281518896723
7.10661411032681
-5.28093270453584
-0.692511383677948
-2.02619834286153
9.29872642314244
6.14817065502733
2.2149662336472
-5.63701192617834
5.35513909124368
-5.31912626090505
-0.0724198722397974
-4.45900772858241
0.526065950957566
-2.70995760167866
-12.0846516090422
7.94337748867028
-2.52278431761763
-13.4283311024364
-6.59191636835797
2.36581790063659
9.05818788010507
18.9783198000193
4.65857560257328
7.64354242457891
-3.26891149888678
-6.52701073937447
3.6592692603983
0.6888967836648
-4.28595020581649
9.58506707752494
6.05081220408826
-1.55401145596628
-14.6805586379914
-6.09268138410365
11.0879280146491
5.1589780758954
3.80252378572775
-6.5149179984388
-0.316843899694677
6.8138580452991
-3.23415850828806
-8.94300426402732
0.857793038901044
-1.52293274027575
-8.58479532134699
2.18410379931587
13.8680700844612
-3.55440594784049
-6.85760686408596
-0.252402307618541
-1.41171874412713
-3.33277924705774
2.70782750709054
3.19325754136166
-7.18662506139117
10.3784573920633
2.34553195705677
-1.42212587025029
-3.71961757302327
-4.8491026123356
6.84491558922837
-10.5955414054878
-4.21237391354506
-9.04519246212312
-12.8564435582453
9.21615070272942
-0.42460233659813
-4.29417724253418
-5.14397480812638
4.83103310837163
2.17771019962667
2.40108770194993
6.48147315474091
6.40274866885922
-0.474765806239001
-11.4754237611798
1.50900870118226
-10.8466668161697
-3.91703148273788
6.24440222380862
3.09204162083214
-12.3100082883687
-3.65905867449068
-2.12107317605252
5.88920705524455
-2.00642969043724
0.240060754016029
11.1966969671877
6.97673429295242
2.25239225617059
7.46596212522271
-1.08643024382119
5.5478154776489
10.4057026966695
-4.53463235913656
1.25135105348095
-5.9323023865492
-0.215485260904562
0.0493287888380749
8.68316305241444
-3.97805865831802
-1.88791406101644
2.31523484372724
1.51404328842286
-13.9300608486006
5.44597026400465
-0.653250698911868
-3.62525666751129
0.593695159894801
8.07573015277315
-5.24900623864761
8.14805072682841
-15.3415152122692
-4.33165358075451
1.51642152606699
4.7026943679549
1.45628548962996
-3.19458945071446
1.28815531157087
13.159584120441
-4.14488551930474
-8.5793964105146
-6.2379779423297
-13.5090490687611
-3.3917728925738
-8.21620563011684
-0.181211278751974
1.77881998521109
-6.74415277404504
0.734619586570918
5.14025208437993
5.63256243515405
7.40065675532655
-4.60381622072178
-4.96868295728697
-9.11905593912886
-13.1021760946954
4.5735063190262
-1.31842702340395
-3.16688921960701
-3.05029812699303
5.42376990236679
-9.16776323037317
2.59544941544907
-9.57092440810834
3.77083627708176
3.75770039890548
-13.3649848466421
-1.55154575459281
-0.822712311581731
8.87525228567974
-3.31550291072346
-4.84995612539328
-1.54979924730422
5.82425315270875
5.30008663064406
-2.4305721029957
1.54506031738589
1.9460472169239
8.86936530562404
-10.4398558591859
-5.93802258772192
0.185831452166297
6.99661699060357
9.86044566309052
6.81392824360898
5.38862875415967
3.00920232995248
-2.26571880422672
-10.5899852917888
0.390571181015972
-13.7003658094739
-0.848249433172042
-5.29484194717263
-7.2318983615261
6.85078960779018
8.85995112272924
3.69200816524877
8.67903847331391
-8.29499990001558
6.18458075413066
-2.95480876863192
0.458112372596472
2.91446111188335
-5.39411808931035
2.75753088650795
6.79724638419533
-8.43033950313245
8.57297862193881
-4.15605566798248
-7.0031733076832
-17.95001647717
8.45247708304299
-5.57845206040325
-4.82494105136127
1.04712754122014
-5.07320540216386
1.25190111023662
-9.71759458131621
0.916699153271585
-2.329812065072
-0.270703538238104
1.78746098177741
-3.52956962180727
-7.8180017001002
-7.30923319970281
4.45656895864177
13.0161033600545
5.58458241011019
-1.95216379663575
-3.49009852699156
3.56448324255669
10.3383486946205
-1.34677822902598
2.64357938056737
-9.8773621764118
-5.89749154743977
-1.04542902718728
-8.53733312801292
-1.55533971641145
8.87840754095098
2.78503209080646
3.51324301804676
-3.21088364675463
2.10146416363457
5.88961654257855
5.93367724139611
2.70144652557232
-0.405347150545359
-9.76701597052785
-11.5920424015999
-9.88800753188568
5.02948032018685
3.28194468000416
-6.05104454223893
-3.41204371322004
-3.31527543751754
13.4550470241046
0.451601558834605
0.742239428094345
-5.10531321528151
-0.438487760678483
4.79224329143832
-7.82436337111718
-5.82253447718524
-0.47285039179853
-2.4441995703832
2.43662580074024
-3.43404600960064
1.52369470793494
14.3133481291925
3.66059101931585
1.47568585086424
3.86766468337413
-6.03494836524355
-10.6244185921388
0.401831308488051
-7.81796100860259
-9.74109073454139
6.95164683702449
-4.1802031573842
2.36618421417083
7.31687277660892
7.50907133162665
1.06781910059268
-17.6782334297915
-0.190494346448456
0.0981078561282283
-3.30059086855023
-3.22798640556061
6.81590512525182
-9.27303809598665
-1.13660595680766
-2.61219391704245
-6.06915055469463
7.75101903034957
-5.88656676231096
0.077410164635503
-4.57356470633445
-9.07102492670737
-7.04030087362206
-2.22843097861443
2.25525415456791
-8.0698799173861
-2.02230514281926
7.24518588432071
-10.3412856641303
-1.00897817432164
-9.4584073410334
-4.99126654954823
8.96312794233559
-0.867313696323136
-0.787328506461285
6.06265239302572
-0.0275570987278253
0.596717323539547
0.18817570269152
-1.76626418377121
8.13626552732223
-7.49053992660386
15.2255647081025
-5.43812561957854
-0.11567542782253
3.15555697772918
-3.59942423299679
-2.84394127183331
-3.47041057946536
12.8392572370428
-7.60481713764972
0.395614755240846
-3.34021742635439
-1.50056265008423
1.23950307814498
6.15017252110755
1.31894580311172
9.75659932193461
-10.0294080039442
4.59483577129002
5.52601995608761
15.069871488317
-6.36932601477309
-5.56762638189435
9.41687242169516
-3.53990902061126
-0.788346510068836
-1.73766028208103
0.469699967938803
2.9876392273973
-1.48174471817457
9.65975088587504
4.60078431727315
3.87322408895913
-7.70733763368821
-6.10255903645694
-5.66280086851182
3.90317641090449
2.22095383549116
-7.98947657176294
5.39928699851079
-0.277098715980156
-1.59117157116411
2.90199043650362
2.43782491363918
14.4454717485406
4.96280395266681
1.26068687649638
3.8137853826061
-5.67183269416914
-4.62403239399062
-7.5565974303738
-5.49827915071469
2.57136439343016
-3.70547013423948
-6.47822693449306
1.16765759144701
4.17122056243113
5.5407114918109
-9.68184438120032
11.155369975099
1.46266292290406
0.709660029472968
-0.0266630631619999
-0.829392429238031
-3.25915664263375
4.30684541418265
-3.21614705262066
4.06042084363957
-4.07045587735664
4.52281450905672
3.21258460928838
8.95748483979706
1.25301321205446
-3.59710919841925
1.2493002282696
8.05535669786135
-10.0541174116526
-4.51604785104753
2.02505415536969
15.0030997537134
3.68696714915885
9.79087938604334
6.52968964636439
-2.536609494182
10.1106481466231
-2.3267059351437
4.38655128602365
5.41903511792488
0.483563751129044
-3.8730185020403
-9.64295329435407
1.88431290486332
-4.66861498736174
-14.6656639484904
3.09111381638383
7.05090522959133
-7.88360734538133
-4.96965283694123
3.09651567132218
4.29458925366254
3.12142445666747
9.99287854157178
9.34266241548848
12.6310810710827
-9.53156497188496
1.79825014468893
-1.06582159621809
2.15841908073997
0.98081748118825
-7.08426897476265
-0.973698504999469
-8.6459858932086
1.63572205239495
0.957120583036094
0.658407496698074
1.89087939172795
-3.92481916541576
-5.85253890530146
-6.9772956105407
-3.87064697047644
2.32484720627994
12.8632823894924
-0.599837500028193
-0.107258579658711
-5.03129163712766
4.82906463067604
-12.606637626936
4.90725615721495
0.561139625598133
5.56007784296266
4.77489337013139
-7.3061857280882
5.97427297238788
8.17689110013155
-1.43333111791939
13.4144069999929
-2.70053158288155
-5.38853709010731
3.74097008543261
-2.72826015948525
5.43753235443811
10.8686481530093
7.88993544429893
9.14663724024258
5.25651433393793
-7.28339440984884
-2.65612500785755
6.25781300629896
2.42551513406478
5.37553802325058
-7.22828540077296
3.02674505582436
5.66198551405817
7.57854885231727
5.33260270090484
7.37683909578042
13.3004207553785
-1.46605521151038
-12.1028539579031
-1.60563601702398
8.73420555237655
4.27111891071916
7.43038311883465
-9.06725278052433
5.66133733819009
4.04446279213228
-3.99972132773506
12.4967839179366
11.4247347562658
3.19601077860749
-4.44035714860678
10.9208000869029
3.53791477011574
-4.64431376032085
-6.20204915529512
-1.78034712800456
-0.84232796367657
-0.698328848880955
-7.2868678369797
-4.12064061505667
0.353572740862517
-2.50910961145932
-5.08682626970659
2.56885734635735
-3.55132780023285
-5.75106702124285
-6.41847958089073
-13.2483764481221
-8.56416133051831
1.92329491525124
-2.45992484571271
0.409600108853836
8.45614176604329
2.50023470640412
1.35973344097969
0.492667685326808
1.38894806064377
-9.27156318484383
7.21036094835439
1.94359430866031
7.35290928443796
-8.96959077860426
2.45689742527865
-3.00170299116407
-0.262948555185592
11.8257200954542
3.13162404535151
6.50908078529304
-8.59585112691984
9.01206332215895
8.72366657737257
-3.92839765649128
-10.5375128728132
2.06138267839155
9.89615821725649
-4.84021357448691
-5.60257507261719
0.350009253983188
-0.109067627805375
2.57294899837201
12.6494487941136
1.79863776754861
-5.02402330111387
-0.331156682968213
1.03447151348329
-3.40073416878744
10.4022947257656
9.46925191220762
0.189348621631112
4.6399976585246
0.374367643758017
-11.3397394734689
11.0870981032381
-8.26068029836405
-10.0130257639632
-8.30217762533008
-5.52008454077628
-10.3456463577787
6.49463032968987
0.96454642909075
-1.00309931000298
7.31593734872916
4.83890799837176
10.5616761447924
-2.8315835092478
-4.21558719900086
-1.78790748322571
3.64483985366601
3.30623151316305
7.75936383087959
13.6845532363072
-7.33661008445428
-1.33721864692356
8.55875661186391
-8.55165459453555
12.3145268711922
-0.0614274083032222
-5.6936137345202
9.51453187683218
6.86705116034612
-1.1292100499426
-9.45475895329374
-3.72602971718486
8.66316351385363
-0.763317651435573
-10.2078039989071
-2.21690070115124
-5.6349464035328
0.0515897132078649
5.94841814494264
9.1958630721974
10.9863829476022
9.48290302495607
6.19977295259521
-8.22939029449394
-5.17730800527146
-9.12940784344067
-0.823515383233795
3.88101289912748
5.46354619834256
-6.92041212847642
-0.784145909613783
4.48117946438096
-16.6299402789456
-6.11835516072732
12.0433209995457
8.87566295750838
0.755188754201196
-6.0089369942999
0.00825610234200711
-2.74524515396941
0.869342275280771
7.66099350665643
0.96696100370846
13.7892127298864
-4.97897606841783
-0.729009909671745
3.04128854264985
-5.75665364533829
-4.53661705319703
12.1200561219134
-12.3880005634418
-7.33516825701897
1.71647387644754
3.27739133529027
6.17183006131459
-1.35724446246208
-7.9670866941735
3.01762930649875
4.85566354832565
4.15772300733718
-2.62438255912462
-0.151878063307224
-8.22627723997198
-2.34870149235092
-5.77639577927971
-2.37895453571001
8.14853232971168
-6.7688118206215
-7.95581596418836
-3.83407608284489
4.64457962727615
-6.1067834603218
2.49100328518193
16.5138394072085
-7.12897198887392
-3.10871599127144
12.0936781620298
-8.19704083377383
-0.625823295183628
10.348755153939
0.828619346025157
-7.58696250943143
4.11696287703609
-1.30279418984822
-0.818809358351005
1.65500088187756
-1.00966818449036
-5.28936199816161
7.31067309030778
9.44249381821991
12.0787680210803
-1.03586231622927
-5.56527418785665
0.274626351678694
9.83510464431646
1.71978607068477
7.63224438449349
-2.05730377626291
2.96069584401155
-2.94941344169453
7.95460805621823
2.82648154917816
5.05460929060318
-0.967984464934635
5.46614655963945
-1.74836068912256
-4.28757006229966
-1.44436762907314
-0.059857030538599
8.30893865826943
6.44979834952759
3.70238116857539
-3.68101626915085
-4.9284961777967
-5.31843894362603
3.71252566355859
2.08197304708095
5.15303447556848
-0.625920361782726
-6.8145953691505
-6.07299827127576
9.37498285212897
10.9017231396699
5.41202968044393
-15.3587822166264
-1.18743164245518
4.7687656877466
-1.46217095467122
-2.49438571548256
5.45429805396289
0.797957169606909
8.3923208635275
-2.16831217483108
3.75335083206823
-1.83093874579428
-5.09430068376619
3.35587439353638
6.40276054441193
9.16774844432539
3.74634810341431
-3.70879372358862
3.90114578563707
-1.87197942070938
-6.49243138924048
-5.05652703345651
4.56866441074464
-1.14476365310825
9.11986968259494
-4.63906725680473
-3.56836918386914
-11.8193988031435
8.30576603302149
-2.35617404094551
0.0655495734822134
-2.26203460619747
7.87542383312244
-7.57937506962474
-11.627618214195
-0.897566520793231
1.54200240807149
2.789011104157
8.53598977309239
4.61040869271908
2.75222895793821
-6.58541062879772
10.2525263082379
5.18377185835647
8.2095867842416
11.8531001456584
9.01058435480237
-0.616360113711595
-10.4084433740359
-7.03587772520412
1.53704466692053
-10.6860854102156
7.54865683062321
0.489182007266334
-9.81202866587361
-2.92596675724204
-8.29528199981776
-5.14590837864842
7.36920690097185
-5.81809393856449
2.07462121857704
-0.203927598636079
-1.00234543671845
2.71301218918163
-1.00469421463495
-3.78954833990438
2.06917838263325
-6.3964040628967
-2.44570347549707
1.90862328755604
-8.19776451973354
-2.89488043341675
0.899667269522064
-11.1228743272971
0.958684488086642
2.4003274778029
10.8528531730701
7.98961062149847
10.1387478362902
2.11556514891932
-0.905902893618046
-6.2062874903564
-2.47580411766003
-0.918421921942541
2.58708830989841
-7.59709280187708
-5.0184443729238
6.48562540047382
11.7887226770581
12.7835387724183
5.24492384412257
8.43957166690241
-12.5861471280416
3.75044923513586
-6.05243353117873
-0.391256139837173
-2.39861003350383
1.42019977392233
0.281747053717549
-0.900211643808657
4.17107452598429
-0.294756434819989
-1.65157734576096
-5.34054243801332
-2.58529919982079
9.54009784320032
4.15190295679219
3.59517254001625
2.02897857076232
-10.0331630342597
-3.6767305847437
-2.14485774131182
-6.96680984038825
-5.65901345229365
-1.46862654083528
-6.36907933157404
-1.77390129364712
5.60164689601241
10.4413393689339
1.63506393937725
2.14346697684217
-0.379112968840744
-10.1549166048997
0.354988359344421
6.64481240773155
-11.4288767487191
6.66299455494241
1.69357313219704
4.80534947256269
-7.68646482010223
-0.90125156324517
-4.50048066676271
-5.84538862580746
9.59321248107572
-4.85454337951177
0.760182619797825
-11.9888083902055
6.6872723511101
3.78813228210948
-4.39886985218
13.4908145505551
-7.32103482535354
-3.10347332866487
7.03080630688671
11.5663037459121
2.26550940395191
-0.701444472856011
16.434614676157
1.00541420439825
-1.33513404985674
-1.2730951548335
-0.422351517487309
-0.524806862881248
-0.261964778354785
-2.93414975656492
2.59327423161267
2.51313002645217
6.94761435380732
-1.65607601341851
-7.07723469592554
-5.24369397001501
-3.10292500206093
-0.0239330563409756
3.10536182504563
2.95574493369947
1.77838107121451
6.30888262202864
-7.74342046356781
-9.76714620802498
0.330808818207077
1.83248966434346
-10.8611220537432
18.6957302693185
-3.90928210019491
-4.91906325249359
3.31438305943891
-1.65150948488386
-6.56438748124473
-5.32170499684939
-2.71618695885904
12.1814237454679
-7.26952316290023
13.3149856050022
-5.94983559708208
0.617183359931611
-8.03413771822474
-18.5701596651249
-2.96653422808529
1.18886813099874
-5.24935285027001
3.43355059830948
-6.2328404799168
2.54602697574318
0.290195260386852
3.46603435863682
-6.70212520588754
6.57663410038271
-1.76662131818392
-1.51558136981133
-3.30919839725969
3.97696854138676
-5.20465839822056
-2.30823183315259
0.944748532367843
-8.53181496308018
3.48569671032293
-7.55708140313163
5.94248387392056
1.60191660515074
-2.73084773164363
0.18180749562815
3.5479448339533
1.0651104912397
12.918534724381
-9.80790185209107
-9.09889121691046
-10.1265398480908
3.98558463099127
-2.50967890404553
-9.95763112905984
-6.01085868533706
4.66886333439788
-0.233764478819262
-8.44822458880716
-5.05840059802551
6.69992509132458
-3.49277998688173
7.28374382773464
1.08028423269832
4.5748176712012
2.9034652124036
4.42116917949809
-4.09467257388349
-5.09208805922423
11.3321093035663
-7.76709067217406
-2.91200238254514
-1.24514635923716
1.78895576818612
5.0918911489977
-17.2679903843866
10.829581303908
3.18921307274383
0.110624240275887
-3.41245295276212
1.9035650505841
6.78119114849696
-7.58188210634928
-4.72238939159046
6.27697730603422
5.81379618396073
7.81491062894147
-2.47207413768525
-8.31221056022544
-1.46784317426599
12.7429686977065
9.94345736488864
5.72523571887282
-2.48648303954801
1.30598026558002
4.57126506517211
-1.38053012215477
-2.49051601997563
-0.0180006463621634
9.93967777693739
12.5993167517119
4.33330618843441
12.7016168812975
2.16869167064701
2.50639121554063
0.711402713144318
7.28982143261991
-13.826227252972
6.61541245573661
5.4885487674236
0.22225874696568
6.74635367078226
12.962487456747
-5.81586460347127
-4.72157284076714
-0.355288771722477
-3.84750324532719
-2.27856405958901
-1.08079248783573
0.226924450567705
5.56469951540472
4.06605655577626
0.868828781383751
-4.68749194685042
3.94878277225981
9.59242118770787
-0.61668621149914
-1.20644603394384
-2.41288957474726
-0.662578536484913
0.773077277711573
0.213531262204247
1.90594105901812
2.63887867949262
1.15056643221951
-1.12711236541334
9.53961094919805
4.69508247660356
0.77826162093248
6.67931863149076
7.51303999185819
11.836731313536
-11.1138397954611
-9.36360791856408
-11.0838097661635
8.08016476583916
-3.48058563378447
1.47838444028798
12.2992751835453
0.6177741696687
-4.78702046567482
2.38016839952197
4.19393478824025
1.10242639481797
2.40603627342092
6.3839399943072
-1.32018187346782
6.31756628888597
2.12457906077069
0.469950925385487
3.11303403093398
-7.57370401356161
2.38078131876934
-8.62490353116434
-3.15302076182681
6.17167312215462
10.10969537509
-8.81714553777974
6.76893885765944
12.7566423987207
-1.30541715393963
1.55991917061394
-0.634277686195392
-9.89773747838588
-13.0689471481987
-3.23100030619799
15.5041078536001
5.49810657729999
-7.41949014895461
-3.27126220874851
1.39945918237808
15.9136464571478
0.682541293201312
-0.76485386089623
-3.58170346737353
4.3268419533386
7.51901370397042
8.69024596914513
-6.14923930422711
10.4654048807703
1.36350508285115
-4.03393390043534
2.04526235162433
-3.24856914491644
-1.51135311005965
0.810361576488653
-11.414620513829
-6.88707817496691
-13.2065818552155
-8.35118369329523
-5.17000024954087
3.52497035169112
5.32907251262692
-8.19032228538395
5.59543932692031
-1.03913883981015
-2.39562349814556
5.9808110470101
-2.80001260228844
-9.53021205958597
-9.29893376453761
3.03690297830558
8.55138762956214
2.96825016984064
8.08316020470995
-2.3263457535875
5.96098317906533
-5.54867271068256
9.57574500746526
-8.53929355543867
-15.5534377215818
-4.11191211886825
12.9470185335196
-3.08296034090707
-5.9756026630228
2.72661493724604
2.55244919235317
8.07795441229564
-6.90643618755594
13.7264588500614
13.3757171322382
2.33419813818686
-7.74375788267424
2.42532558460843
19.1789634320541
11.6210895257756
-9.86145602412922
-15.8204653464542
0.828365660095114
5.58258719306522
-2.4341051356929
2.99236141625961
-1.68771621522099
-6.12606110409259
6.32364002021188
2.03544720546102
6.53343249255171
-7.93521193732346
7.99613788444505
8.04849303503027
1.8598343884463
1.5452687858825
-6.90924857086523
-7.97305404945837
3.50618456612661
7.14770192002142
-3.05132027009815
-8.5805906998458
-1.90334728428112
2.7728305454079
2.81783418103871
-6.63993339725734
7.77559806756857
-2.79101243616523
-9.07942041622092
1.14416873249994
5.17060854042068
-8.14254047714912
-8.47201869318004
-2.59994015337553
0.747515783115423
-10.0719415751837
-4.52195370918866
-11.6841325731761
-3.82572119280322
1.58494934537249
-3.94156674829293
4.79840255180082
-2.76587563357334
3.95382660678087
4.39531706219727
15.994207761785
-6.32697808107852
4.75662242595851
-5.19094134020818
5.45211069521506
-8.10479873656349
-2.36877883680001
-5.81345158469799
-2.68702933932466
-0.124837965959247
-4.78134707208719
-0.255342647858491
-4.98615562529578
-2.16385277628162
2.83424809968519
-8.22233777911556
13.5773666889648
5.15761372319435
-1.68163392452025
-3.72298129533433
-6.42846557897593
-6.52516267504897
0.331039803739481
3.36057309902099
-6.00903783996541
5.55578326445133
0.728510436349368
2.34477492306125
8.55314887248461
-5.35908047038782
-1.43669836591152
-4.80454517039018
-3.4671142150757
-4.88467258943903
0.0322920772736601
-6.11156461645536
3.40902677921814
-3.81750317184045
-9.18578605367166
11.9136495532278
1.31130270160858
-6.22143557969905
-6.63696567467322
-1.26497638350843
-15.4831025311253
-1.07608296618618
5.77702458276695
-8.31437636107618
9.2254186420652
-4.72399291610688
-8.43451824466855
7.32392461197954
4.62069787262178
-2.022263943308
-5.23613582202424
3.71095478226877
-2.66058122725547
-8.54845004928198
1.04239197750243
0.937547426215275
-2.60147553714468
5.86983603238635
4.91007945040375
