TGV
4.01365201765697
-3.87890770545878
-0.669857471773339
3.42116606078669
0.183617516889627
3.25688757256179
4.56129599119262
-6.9800992021324
-0.210689020142507
0.568026012789241
-3.0060933453761
1.44644482030878
3.3572717814262
1.27586261660097
0.518374751233881
-3.1245075132775
0.121754866573303
-4.42552631587257
2.43060192638677
-5.13603365966208
-4.75466212056555
-1.42799198955877
-4.58969016451123
0.048647461246131
11.0360526943554
2.04121770540007
-2.45876340038904
0.348588525089798
4.73211453472984
-4.62328281338332
4.78741831513585
3.29114474059606
-1.4070300201775
-0.882359828981183
1.0258817114339
-1.06095471457916
-3.79006218146615
3.14712046436751
-8.9411627833542
0.866520806137776
2.11992767214657
3.20723631100643
0.662787844148234
-4.78887405459439
6.19490368538708
0.941652299024388
-0.662624770907735
1.15981629797325
-0.498369675957274
2.62223059771687
2.15662964621083
1.43942222876789
4.9416223510812
4.88387435371597
-8.48298456682209
-2.17977755785586
-1.6886878856797
3.20234508416036
2.30856686867888
-2.59222869351123
-2.43879448416532
0.588295462195242
-9.21309589300127
-1.49125943258701
-4.61833407793045
-0.656333330026201
-3.63350238194576
-1.5492958966073
4.59524272703808
0.41037421864982
-6.10027635116159
-0.575494961393144
0.539055002030868
-9.17564290693556
1.93151170217238
-4.05741134474495
0.258025400601599
0.756441982763437
1.52856564691783
3.63987792435736
4.93669249355105
-4.07244661817602
3.20234508416036
1.98174535946849
-0.46578235484411
-0.880746542812731
-1.1025554569742
-4.89233744730576
-0.720197468041462
4.30195950980398
6.53527575575204
6.06284224681343
-0.617819312962825
0.321223438049024
-0.943206826279455
-0.84989484260394
4.45824104235042
0.52440118283476
7.81773813076023
0.0399157585485383
-4.89665381989579
-7.21323184301514
5.03274447803571
-3.05329664919047
6.08338223203068
-3.00428449856873
1.24236674057128
-0.786278641314673
-1.96238693661022
-1.08164250686087
-1.44102577529089
7.72337265757176
-3.46916278875428
-0.142569614503797
8.00426874149207
-3.19029833387812
-5.49983886152101
3.87935655192017
-1.46155727116927
-2.98750582858985
-3.89317148720414
0.265414208967797
6.41854352047038
-3.15537506527601
2.97581574408865
-1.04001916460532
-4.96679435028567
-1.78445815158008
0.189227619793677
-1.58291868682461
0.703303348910547
-1.86697845283289
-3.64007573031431
-1.1826626749479
-1.7408333216256
-2.79490655921326
3.47672141843176
-5.39004929821567
1.44015337942725
-0.717883172558872
0.87416727120264
-4.12562752322606
-8.10853588361578
1.50265419282304
-5.29263932673941
4.90370960768129
-0.0673621127150299
-7.13068140041711
1.37891756544317
6.42627448377627
-2.7873513404602
1.33701393234403
-5.0136988629611
-3.15537506527601
5.69713375564358
-5.08158241757246
2.19754825721445
-2.15918855337068
1.62535156583626
-3.24481822241905
-1.30461323441477
-3.22691580970136
5.60497980009799
-4.58977466275225
3.44212803016796
-4.83577007793096
7.86037434225942
3.67216362045991
-6.7839333909296
2.73194320426591
3.45956543826382
2.21117967609698
-2.41290265725389
-0.702771890225655
2.60919681198475
-1.98031194918841
-5.19718497540514
-0.416230828939417
4.05663019519311
-0.204766903643991
-2.48781890938843
-3.94938067081567
5.23723119054512
-3.59434190136677
0.987470626212941
4.97119463550304
3.76231150885487
-1.75516758574253
-3.40167776093253
-2.87639597081362
0.490489925962384
-2.35669347364236
0.667679070994301
2.83392283255493
6.23541919014939
-2.62301174726872
1.96677873248873
3.34496914635344
1.60579345100353
1.52751055063032
-5.73157992245659
4.6965477654204
-1.17568546216188
3.80354292764214
-3.29169461857225
-3.61989077914933
0.93372411537524
2.00903443760711
-1.90720454386124
3.10761339414659
-0.329807919295837
-1.0044793849301
1.24228224233026
1.67746686043694
6.0299664590452
6.45249025631584
-4.6400573393163
-3.38612199014123
-7.16631025778506
3.92615283960607
-2.45387217354297
-2.35741613496285
7.6279183062375
-1.53707775977556
0.483149947961395
-2.32307068342505
1.89208913019247
-5.88153453514842
-1.20952509990581
6.69961534894352
8.13361641963015
5.10746516953134
-7.14607189757842
4.14427757431934
-3.55127607387861
2.53478892827278
3.07837718520483
1.5002214724917
1.53692344655596
3.68079653536098
-0.983481936575739
-4.44648828525385
1.18976384148827
1.51764044698617
2.73184441646939
2.17759915707682
4.64336025704901
0.370148127621472
-2.68388794774883
-6.29113164478847
-1.01207683072702
3.64228251829761
0.620151632649048
-1.33289536571094
0.607625267485345
-0.424863743840489
-5.82105780931207
1.01116895589029
-3.61557736936757
11.5763441960119
6.04845896342857
4.10244852238166
1.2815075939669
4.23311649499063
0.449935790515986
7.28143894654371
2.14500065319062
5.10022950585746
1.57209168907579
5.07926753647619
-1.76852092655383
0.98325304141943
-3.08226765994884
5.84775068364073
2.0283174371769
3.50890172341644
2.23946180739315
2.06780205228677
-3.76350425398688
0.18425189470659
6.90401081514112
1.46803820469874
3.19541373893127
4.68436336629365
-1.04109686075333
1.02415372235448
-9.21512752204543
6.96556065767379
-1.56499367424642
-3.77643076258362
-1.79500944845228
-4.60576090704644
0.271663422805466
1.8350189189257
4.72591069964704
6.37168972417769
-0.333398667757103
0.224163162997161
-2.42656880584885
0.593868820432729
-6.01123172080817
-2.18053111947299
3.01184312824621
-5.32053264134977
1.3856176390966
0.892100773119697
5.33571885816939
-0.205797793296441
1.59798351598722
2.66868128776826
3.3397197337441
-0.486471094979964
4.24042080511581
-3.8058201162177
-0.124743389722127
-2.03715349566278
5.09525378077038
-7.56061679481719
-0.881732992648938
-2.07779887742098
0.522676834268413
0.0738081374981978
-1.53145538227013
0.232502942226482
4.02894259026488
3.45534785347031
0.921412990963608
-4.18740567530137
-4.95322118927059
-3.05329664919047
-1.33894735920535
0.442654259285174
-0.887982206486607
-0.574556265131395
-3.54768532541734
6.09882061170305
0.839274143945751
-1.84035187890233
1.00253604098922
1.40653058920994
-1.38141991185036
-8.62696346429577
-2.07571289148103
4.53436652655796
-5.70499921608297
-3.88687451979201
4.60949801944457
-1.7163839799468
-4.23593022144078
3.96707993994856
-1.31337588156229
-6.22364661696672
5.0742918113891
1.11884993339517
-2.99939327172266
2.32016665851725
-1.58734062025351
-0.95686448553555
2.52600286867938
1.08498769579073
-0.2669491090395
-1.96735512021259
-1.72299955535921
5.16101446002577
1.17905027827511
-0.428768520850348
-2.54990434194154
-1.99565154106426
0.135324242325869
-0.540922337069588
-2.20040878938491
-5.45163022994771
-5.49915766829296
8.20712235174693
3.18800233070457
1.07792283305268
4.28267651023419
4.81323098143412
3.86995025931588
0.407356139769454
-2.43319192274598
3.69202147428574
-2.68457007914025
-0.178875076732568
-0.677591397887496
-1.83768788699534
-1.59894041009188
-0.466513505503468
-0.602459905000884
2.79925248753483
-7.52662103970379
-0.760386814403249
2.83962121896251
4.27393631819773
-1.38113819326607
1.84266617817975
0.599520401119997
-5.85984141510779
-3.22416057148256
0.0466459735471938
-1.21228033812461
0.666294094368481
-3.04628929505922
-2.98753596993507
-0.163809661956286
-3.68900890922562
0.286630049785227
-0.478404544996061
2.92136450199903
-2.99243568612
-7.1044211880613
-1.8038256493909
3.19373476911979
0.675410034300186
2.4694973976851
-3.01275100308293
-1.57126987771831
5.47598715678743
0.319914470325358
0.462489513250499
-1.66039900631275
-2.37270670757076
2.8811685523159
-0.0145053421958656
3.49657927225758
-4.05080251740332
-1.01972329579189
7.57333718715199
3.36030873822929
6.67163078802136
0.30029525052604
5.52242935749996
1.81187463508339
-1.9487555177277
0.0954522382708913
-4.80431243426676
-2.54121505519055
-2.05711013728513
-1.47067042810182
-1.56426252358706
-1.17004048479595
-2.14690851815841
4.83730227600756
8.15430421191185
-1.0256273918816
9.03575148689561
0.708194575756613
-1.25259092739398
-4.42444107823984
6.77574083315106
-4.50858220714582
5.56646578303461
3.48161264527782
-4.03745470312261
-0.0432284162282421
5.3269871554718
7.23191002049952
5.63884203770243
-1.55204438675532
-1.59933893688149
-0.0537306938325064
-5.30064836811651
2.60046510928716
-2.3905557112468
-2.87044964768004
3.86361654723719
0.174984601988556
-4.01713089682081
-1.4489049396721
-4.76836954835023
-1.17004048479595
3.09923577842237
1.30242054408024
-2.54789252898348
0.458301131638832
-5.38931814755632
4.74574595361237
4.74678142271651
7.83873024148672
-3.85292463223555
-3.3123258501013
4.41583771907032
-4.70080002228746
-1.29899085690935
-4.57678989628806
4.69128717003803
4.43760320750003
-5.24443729848745
3.25189661006505
-0.225999408836512
0.101785950349581
-3.622277443021
9.16968607343496
5.37950555631379
1.46098183129956
-4.03013454120771
-2.09805983748812
5.67246482791974
4.38438007540612
9.19068667350032
-3.46916278875428
1.5145537216545
-0.86841748833253
-0.958576559500523
6.76808682660148
0.94725486044372
-1.97468957168299
2.76475587211343
8.3520032008158
-1.59260669801319
2.62946626139075
-1.47479676658353
-5.19297399393297
-4.07352431432403
-4.81410337729776
-9.13266157768842
-2.77507130524793
-4.34297587327454
-1.14839638402326
-0.129947424351846
8.99483287589199
-2.78157303448804
3.77562701317128
-0.614683568363222
1.12024718462237
1.13817219720056
-4.78257708718227
5.37423287523277
2.14962134422544
1.06579594253274
-1.22350527704937
-4.2569681997242
-1.03128085858639
7.07397278583803
-0.225999408836512
-1.6275299666153
6.93370448721998
-4.88465550326781
-0.759712224496545
3.83708121961843
1.9112723941116
2.53097859376647
7.89423657986386
3.21667934827728
-2.26995464943266
1.79454015882995
-1.52615255984389
-4.35066757234484
-1.40140764267207
-1.75481349876915
0.0745392881575557
6.35536057568317
-0.360724490562285
1.55475721282235
-1.04499488969241
4.72619241823133
3.48267367627549
1.01786902954373
3.15480915647624
3.97168944821034
-3.09413925129193
0.482850208968304
-2.04176300392456
-1.53253307841814
6.89537035875533
6.25364852117237
-6.40021741500526
2.69202897316706
-5.46983696111019
-1.69402854460084
-4.65717519233298
2.19751905403261
-2.39856839313697
-9.768452809434
-1.46397035444839
4.43960469519897
-8.34598288213444
-5.86916306472163
0.182220265662433
-5.88219685045375
-4.63128336542156
-2.07739186129251
1.80817157771247
-0.821171768571562
0.837641041691207
-3.32726987722056
-7.51938537602992
-1.51471099768237
7.14145781365977
-2.19208019292863
-0.185121327761962
-1.0113946993356
-1.35921680861135
-2.38574049330289
-0.459855658893899
-1.98102328376168
-8.7638806507424
-0.0624623965300981
-0.964283435246968
-3.51610783135878
-0.971929900311832
4.74376334383615
5.03305728581937
2.85280177802927
-6.1412335928493
-2.4342650394423
-0.0152166767691306
-2.88892691465377
-2.41290265725389
-1.60097203913604
2.46349356594472
-2.93298594004892
-4.22167196622601
-1.10024210934576
-2.34473738405824
5.4200436609366
0.841382729746211
-0.594052336834172
0.278363496458901
2.92909546530491
-3.29300062348764
3.33273794150638
-2.68946130598632
-2.20008923430573
4.38442230244999
3.1831111038585
1.35207934712031
0.668380080308439
-3.08924802444587
-1.69431026318513
2.81928608591348
0.456867135745075
-3.82567797004353
1.40653058920994
-3.09657197162327
3.10769789238761
-1.78102927130873
4.91646167482913
-2.22280111414687
-4.11992064747962
-7.69168329421577
2.13074536078412
-1.76151357242259
1.54913483531692
0.716294863445517
-5.65149894485647
-3.92032516181628
1.25522478175058
-0.951340895826647
3.02577428612182
-4.9588360252913
-3.75047046825476
1.4690398919446
3.06534339947271
-7.39705057932893
-5.50051250357357
-1.48884931211617
1.35793003416837
-0.254372786444484
4.70414521121733
1.72562113511444
-4.8787288073176
1.04412924189955
-6.91369941194338
-3.01931977199979
-2.16443042449529
3.0230313225044
-3.21258154558444
-1.37354074746914
-2.60305510564637
0.198964650250194
-3.96195699341069
1.69972930820302
-3.76412812751086
-1.87122617897162
-3.42444857712117
4.23311649499063
4.51272242578527
-3.03887788683252
4.78036194173667
-0.410928006513178
-1.62610257404289
-3.444306430947
-5.77248424390472
3.96707993994856
-0.644784256570565
3.27706577565599
-3.46916278875428
8.75436779849297
-7.71749596051404
2.0252503390286
-2.09142180696464
-1.74294190742606
0.0329159459020123
-3.45734021667912
5.4402905104821
-4.80287843837301
-5.46389063797661
-8.90726191506568
4.20093619000594
-1.78486974716026
1.77992417612874
-1.30532456898804
1.94024340486997
-2.23643617354247
1.74076350664702
2.83160853707234
6.48113732144607
5.71003766437981
0.648411308834157
-3.59983736468458
-1.56434702182808
8.5422346209187
1.6918501438218
3.56378258149505
8.41396463892864
-1.28306212122197
-3.75687264775089
-0.678000030659396
12.3005589675861
-4.95322118927059
1.86473140560255
3.08490151430544
2.49808695420852
-1.53145538227013
2.42857029734262
-1.46886158129445
0.285272062793625
-1.23744101437668
4.34835269124857
0.56040214758488
-3.01899725411233
-6.968150654033
-0.663611220743944
-3.32726987722056
0.832338219264968
0.222765911769965
0.912681288266015
1.411421816056
1.42086485332686
0.588969104247797
-7.11075490013999
-8.1076339320206
-1.31094694649346
3.61372310311941
2.24078210186404
-4.47576657649003
-3.12776204150924
-6.33973535154104
1.05634063066051
-4.33848317321809
-4.58479893766516
-0.956240612011579
-1.29102044621633
-2.58851809465559
4.89509929264072
-1.48822907910527
-3.65581573499729
0.238878881349037
4.99122823388169
0.662787844148234
2.89439497893959
-5.34156697912013
-9.76807984453791
9.02141722277868
-2.00016980301424
3.11982478290755
-4.57045618420937
-3.75747028090129
4.54229471020711
-1.26243088969292
-1.12776515249421
-0.454233281388475
-3.02740482227904
-5.10353083678994
-8.13660494277897
-0.684200225229128
-4.56942071510523
-4.03957757847857
-4.75476090836207
2.60919681198475
-0.354360637138376
2.64911104308359
0.536308253150937
3.35957758756993
3.30273604109556
-6.91121692308345
-0.398015608438077
-0.95686448553555
-10.0879437681456
-1.00506098725691
5.86318660403766
-5.26698335085533
1.30976727015201
0.319865451057421
2.18524562214169
-4.70510210532199
-0.417543581925592
2.63644347417677
0.641121143515039
-7.0828314441844
-1.00511849586372
-0.894682280140042
-0.651308585671177
1.9661352317814
-4.55582792690679
-6.03944916994941
4.30983867418519
8.4405800750147
2.94205229428073
6.30779544481721
8.2217892397336
6.0498084610813
1.71311279035954
-1.45033893556586
3.2705527733026
-0.205086458723176
-1.93938484884593
-1.25748215424005
-4.95911774387558
0.129763907950403
-5.69726825277708
1.14058528047967
3.69243306986591
2.40203496972385
-6.72768557663398
4.37732370200694
-2.998084303999
0.365706378106476
-3.01828888234734
3.6186988282065
-0.581840948073208
-4.58275881928214
1.49469586782867
0.266449678071942
-3.87320635624293
0.674701662535193
-1.14606043653431
3.33137995451478
9.08327987309501
-0.178101699029343
1.0650723333581
1.53552323252049
0.900150344425868
0.503439213453488
-3.14867499162258
-7.06279784580575
2.34112862789852
6.12741865756533
4.47779915718316
-3.55964141500146
-6.40655112708395
2.99745135552248
6.84322586097281
1.80286875528623
-2.69814324015533
-2.85515592336113
5.16273880859212
4.40501130693517
-5.9989290857354
-1.36656038297212
0.463923509144256
2.73116982656268
3.63430361826573
9.6435280163738
3.72875358969522
-0.444146743410282
-0.908613438015658
-2.71946778584884
-1.70837129805663
2.62145722001365
-1.16370677271726
2.97091602790372
-1.8309878133419
-4.2569681997242
5.70835869456833
2.5404113057782
-0.601825527183922
2.6686727984294
-8.46342645198936
1.75539930543433
-1.89920399182301
-3.60164621149195
4.97832432514546
2.48387407774862
-4.66731074957911
-3.45001626950171
-0.0638203835216999
-2.57615795097602
2.79309452000897
0.280296337706538
3.02577428612182
-2.6788969852521
-3.1367679213064
1.55648156138869
-4.82916879207404
-2.01202296075594
4.11040779523018
0.427896124986702
-7.00111094004225
-3.8533485024171
4.62802726849451
1.28378419692878
-0.443435408837017
-1.90716231681737
4.00867314085888
2.68301555188519
3.45467421141775
6.1659326746287
-3.55401903749603
6.0788639700807
2.27263827231785
-0.20571329505542
0.606894116825988
1.04373071510993
-3.61287115041671
0.872234429955004
4.01292086699761
-2.93785456703449
0.682714344425362
-1.18372092294641
2.13178082988827
-10.1089057375269
1.92489627150941
4.88071600925586
0.148358028057993
1.76689039039661
-0.265316006784955
0.605142778625422
3.79548486699711
-7.07062759690816
-1.05123750020874
-0.0816963768319541
2.49085129053464
2.55994960452484
-4.75476090836207
2.34316025694268
7.73770692168869
-6.42080641949044
-5.56864418381365
-4.1934265795964
-8.96184303415119
-1.35074436938698
3.70075317698333
-1.68279133107471
-1.38811998550379
-1.6052656328317
-0.862090379575183
1.59667454826355
2.19754825721445
2.71266020469612
-1.94074283583753
-4.60304350532254
-6.90137696078452
-8.14639588580997
4.33549465006927
0.128088578651993
-3.41471154666465
-2.09172612540943
4.67002910217673
-5.09121971237831
7.12950172407566
-8.01246129927062
-2.59815538946144
8.46053671663705
-8.60042813667701
-5.95841358097309
5.24356490262381
-3.07282462267798
1.66759141916492
-6.81811518361322
-8.16949658233692
8.46053671663705
-0.964198937005947
0.0885194653011094
-2.41257871162574
0.87416727120264
2.78509396797073
-6.01848720056814
-2.7873513404602
-3.20492659118071
1.04212775420061
2.80495182179656
3.70075317698333
4.04710265968123
1.24856693514101
-0.244870812826131
-0.485739944320606
5.23794252511838
-8.62628982224322
-0.596126192922195
-0.527340686715647
-1.2375255126177
4.92374320605995
1.06368735673228
7.43564298248906
2.30223315660019
-4.44049294285233
4.0087032822041
2.75050057970694
-1.86497696513395
3.8301008551214
-5.55994262246128
4.73881460838328
-1.91942820722358
-2.74572139488331
5.24356490262381
-3.44191612656225
-2.71117702588745
-4.4973487788822
5.58537724544901
2.45715985386603
-5.28774809989334
3.26983011198211
-7.04025179343787
2.19189667652718
3.27186174102627
3.34567199158784
3.48123968038173
-0.438211558121205
-0.867111483417138
-0.871134890056428
-2.95952126766768
-4.29055626022908
2.72945411208464
-2.85375867213394
5.6681627448852
2.54701460658924
-6.00314667052892
-0.178875076732568
2.77695140908467
-8.95475557155264
3.72483296089564
2.66373255231539
3.02514744978958
0.668410221653658
-1.51651135515087
-7.419313027095
3.2977149372536
-1.49686199400634
1.2170105036803
-4.468789363704
-0.0152468181143499
1.9265827828056
5.31415925563772
0.264059373687197
4.62177805465684
-2.37204060700292
-6.46063615234826
-3.1976026440033
-0.467586622199783
4.25538743209557
-0.72652457679881
-6.94647641191509
-2.72538990234735
8.3370676630354
-1.195611962439
5.14321083510461
-3.27703621992444
-4.25457789533946
3.46065067589655
-3.15069907918202
-6.05175180502218
0.0954522382708913
-4.60272395024336
-2.17387346176615
-2.17876468861222
2.85387947417728
5.52487258212429
1.22295997852487
1.74005217207376
4.06315452429372
-6.66657648793479
-6.94859253920026
1.48834988114861
-2.92435302514785
-8.18136817368001
3.3051461615664
-0.2669491090395
2.49319572736245
-2.65198275802709
1.4744141438213
-3.8399905821541
-6.17612672010618
2.64771082904812
4.03026288473577
-2.84252524387031
-0.527964560239619
4.80833126524918
-5.75751761692495
1.41353794334118
0.711312390287647
-1.93377096067937
3.1134976741502
-5.96295072084579
1.02909396846848
-3.40100411887997
-2.31687048885532
-2.30151108089338
-2.55349509040281
4.64547638433419
-4.6987683932433
-8.7238180296655
3.09254797937031
-6.59809530017303
2.97830483626992
-2.54119245533004
-5.47856866380778
2.83464549387542
3.57279600277692
3.1670403613233
1.65893572536949
0.819716029113016
-5.7584941496816
0.158768700567065
0.22575384930511
1.45799389376442
-7.17331007043158
9.19796820473113
-2.33533109145395
-1.59155160172568
0.347191273862603
-3.49020925637657
-8.21101282649094
-1.0883425805143
6.71917346377625
0.682714344425362
3.18175607967517
-1.4203455244939
-3.02903792453359
-0.0431793969603054
3.57769571896186
-1.24517951916728
0.75019937224711
-4.0319311134137
3.25688757256179
5.83037946272073
4.084116493675
-6.39916231871775
-4.11268498380574
6.80058964947362
0.279669501374292
0.656423990724326
-4.00958416740661
4.1519240393842
1.1465375383234
-0.596183701528998
2.13074536078412
2.39533489607042
3.27778843697648
-7.83526366489983
-7.40540837896706
-5.40978315760123
1.46107307761136
5.40139503918377
-2.84215227897423
1.10599189221587
0.949661340401489
2.28132020648685
2.34776976520446
0.196475558068928
2.49808695420852
1.05634063066051
1.48093847292191
5.44371939075346
-2.28218585427972
7.51087326317219
-2.00329125805834
-4.82183434060365
1.22933295483916
1.8238307246675
3.14048243384404
1.51315647042731
1.72634474428908
-0.677291658894404
-3.68175342946565
2.81368352449415
-2.27663212322559
0.588969104247797
2.4226436013924
3.18948704298106
-2.70556218986675
0.654745020912845
-0.0897514746687178
4.00938447543214
-4.81410337729776
6.47879288461826
1.80180772428856
-1.80410736797518
0.231551971363358
-4.38031222515576
-3.281451550032
7.65026525224459
-6.6609118833855
-2.08269010426705
-1.97468957168299
5.63259282386476
6.05790200069942
6.67163078802136
4.123364624206
-1.89213912908496
5.98838534383352
-1.36050696173702
6.80863247270901
-0.121889363706809
-4.81410337729776
-1.98031194918841
-2.14456029606809
-4.20944830286367
-4.17943886096813
-7.6965830104007
-3.0332555093271
4.28104340797964
-1.65178869127218
-1.12542920500526
4.50146734551529
0.866239087553491
1.39050886594267
5.49752398042474
4.42597327631645
4.98625250879461
-7.38979509956896
1.07068716937881
-0.847828483847345
-0.205761048629879
-0.472790656829502
0.177016231032713
0.313207793350581
-4.28983359890858
-1.95536434506933
0.280296337706538
2.14473011737937
0.839985478519017
-3.94029029277749
-0.746131521996753
-0.020869195619774
-4.14083359759295
-1.2504748001088
3.15441817117135
0.21321994265669
1.2834646418496
-2.7127677121954
-0.676290919502696
1.35207934712031
1.27517388188821
-3.88751802049935
3.04443044935937
0.217143534264541
-2.83449827242465
6.79429820859208
1.04647367872736
-2.3031140418027
7.83267366854062
-0.936682497178844
-6.22857647449687
7.23115626997966
-0.198428612113607
2.63508863889617
3.01952507228415
2.76412350925059
-2.07146516534229
-0.00238877693504946
-3.48211207624538
-0.623464290328752
0.851173672777211
-0.602784039531763
1.37928392701791
-1.33289536571094
2.73256707778988
2.80698345084072
6.68531122617182
-0.165252147188908
-0.240333672953435
2.86189215606745
-3.57824101748635
-1.66772591629843
-1.33366874341417
1.80572835308814
-2.46115370477378
-2.2214009001114
-6.81023601923201
0.927439422564488
9.04168667218469
2.30055418678871
0.441257008057979
6.78695823059109
3.20266921869124
-2.37035113289845
1.06467380656849
-4.11969233793698
-3.91543393497021
-0.532985664081573
-0.228435091976125
-0.875828896559229
1.32230117680043
-4.97840074344538
-1.08028451986926
4.09045020575368
2.25900685343532
-2.38888038194839
3.18143213404702
-1.74286495066976
3.04298796412675
-4.29779192390295
-3.444306430947
-5.22515429891766
4.74687266902832
3.78425992807235
0.887201056934764
6.94487286539209
-1.16900501569181
1.37366154951249
-1.4290772271915
4.24665572939798
-6.62601875612861
8.54298837143856
0.642119867952622
4.94955053473035
0.0410009961812672
1.04503119349473
-0.513709267833123
0.059473873381275
4.15200853762522
1.78223752375718
3.90562134372769
-4.50924830771366
4.24799862372937
5.3269871554718
-6.39524168991817
-7.92198267302344
-1.3356015846618
3.98213781324012
-2.28112482328205
-2.79598425536127
3.49464643100995
0.667679070994301
-0.0136335319458976
5.40009456079897
4.6762783160144
-2.62862658328942
4.95836673566896
3.40614966527834
-1.05371905090528
2.48450625170873
8.20742667019172
0.490862890858472
3.201613933501
0.948352372677824
-1.11909549292657
2.90109505259303
-6.6196549027047
-8.34598288213444
-2.9498332564791
-4.056068595163
-2.17111822354735
1.04412924189955
-0.321798877918736
-1.78386051842968
5.44307273833512
5.41271675095092
1.07136930077023
-3.46915524726956
-4.83788620521613
2.42326747491637
-2.04420622854889
-0.404631039101051
5.30471621836686
5.04668021536303
0.681302948392108
-1.5105424321568
0.148947171869528
-2.89567600757514
1.98043275123176
-3.63942907789597
1.16609565315614
6.11868695486774
1.91756936152373
5.71535850721486
-4.59742112781712
-3.52542948097261
2.97802311768563
-0.355745613764196
-4.43177552971024
-3.26508767182505
-7.98426366621547
-6.61095334135233
5.38844575169267
5.10927401633871
-0.00792665619945332
9.02068607211933
-0.0911063099493186
-6.5565020992627
3.66023767222102
-3.2377422218365
5.05301392744171
0.364628681958466
-3.76412812751086
-0.745076425709244
1.00913732684614
0.144025803678241
-9.22816130777755
-2.2500477763389
1.19895715136887
-5.29399731373101
3.56972890462862
-2.84012064993007
0.0868193233698196
-0.376661715588534
4.82618026892522
-0.712184786151293
-4.93253339698889
6.6387391484634
-1.47659254460034
1.07942736141527
2.87383611579963
-8.1564627966048
-1.06657709208458
5.79643272687527
-2.95952126766768
-0.613697118527015
0.456867135745075
2.9829143445317
-0.274927061217232
-1.03933042989256
-4.11929381114737
-1.07295303120714
4.32776368676338
-0.24133900071236
0.106719593142242
0.040916497940247
-0.266217958380142
1.61590852856541
0.551647845026786
2.71760894014898
4.0358654461551
-4.24787782168602
-4.69387716639724
-2.11169125637064
3.21030340915473
-3.89806271405021
3.24818601120941
6.06423571277811
-7.78641498422954
3.83213248416556
8.48039457046288
-0.348334205537496
-1.78445815158008
6.62303023297979
1.33342318388277
-1.42237715353806
5.31729914428322
-2.69814324015533
-1.80444952291487
2.17053429433878
-0.268950596738438
-2.36474838257639
8.5422346209187
1.16117428496485
2.17156518399123
-2.73412160504495
0.818282033219259
1.99449742661633
3.33933827950915
1.0770208814575
6.08343125129861
-2.03057480966637
2.59273414598127
3.16002073259068
6.59410144926528
0.35340374303371
4.72519167883962
-0.986234023083536
2.75108972351847
-2.6246907170802
1.51456126313922
1.97079909693898
-1.10817029299491
-1.49677749576532
2.36803921461046
2.02864138280506
-0.622036897756337
-2.81446467404599
-5.31462854526006
-1.31835835472016
3.30441501090704
4.10968418605554
-2.74575813954987
-2.07847251947354
-1.36684067381571
7.42446706283224
-2.30224223155273
4.5276787275059
-12.41041834587
2.2121850038559
2.9083307162669
-3.50315854386767
-1.87131067721264
-0.766712037143072
0.0466233736866912
5.43501782940108
-0.602784039531763
4.09611481030297
-1.1840206619395
-5.7438403304855
0.681934363400796
1.78780334050995
-0.350769888677109
-4.33938512481328
1.40653058920994
1.55648156138869
-5.93810190452322
-9.21512752204543
0.114735237840684
1.04340658057905
0.0689169106521317
3.20728533027436
-0.676964561555252
-3.4775025679836
-4.07809159554194
1.79521474873665
-1.20295490324827
-1.60659441664146
-1.68034810645038
2.61553052406344
-1.90590406547644
-0.31479906527221
2.41064528476442
-6.83748268142404
1.02420274162242
2.30663402743124
6.8625088605426
5.43117320950366
-8.66791316449876
2.90411313147339
6.41130785679651
2.64739127396894
5.41515997557526
-0.508106706413791
3.72099248504411
-4.4683862574627
-1.74856428493149
2.51899990432186
-3.49753616636225
4.50038964936728
-6.31312840479384
-7.04888470833894
-2.15220676113296
1.05814947746788
-2.32546098780979
3.94616698983522
-0.253915323307376
-4.6931535572226
0.797673401550711
3.54382499201855
-0.224624757469819
-1.90589557613758
2.33383860732884
-7.07052880911164
-4.22859482211623
-3.01275100308293
-4.71379158097572
-4.35804128805082
3.10558176510243
0.0951705196866062
-6.07266332739482
0.292021155714997
0.58693747520364
3.69383032109311
5.44932195217279
3.86500152386301
1.25585161808282
4.73785924774644
-2.62930871468084
2.76543247697426
2.01261965953779
-0.623385129715595
-0.798900831466624
-4.13295443321174
7.41542255235099
1.80286875528623
4.63041096955791
2.83891284719752
6.86950867318913
-4.82907000427752
-2.21406941144928
-1.20222078978064
-7.62388423784543
0.240100388023409
0.36081515126041
4.52775769921633
-0.847063595482986
5.05301392744171
0.675657971026181
-3.29259199071574
-0.716449176665115
4.27394480753659
2.23344765039364
-0.340455041156285
0.613106441247654
2.14300576881303
-4.66721950326731
7.21024331986632
0.161950816256432
0.484836459257592
2.69025121555906
1.57642391345554
2.91395309377233
-0.685304340784574
6.13172074059986
5.79819066839717
-0.553898614194909
2.74276961640105
-1.94802436706834
-5.46494573426412
0.995555676492196
7.4010986134932
-1.75378260911671
5.05301392744171
1.09861062533439
3.05836618668668
-4.4565289556751
-0.800334827360381
-6.72917028891047
-3.35243055347262
6.27561513983252
1.46070011271528
-0.354360637138376
-3.85229340612959
5.57940078097022
-6.86395611066228
1.68542518543131
6.07048196380751
-6.92491680938342
2.92698687950445
5.606057496246
5.96077232006675
4.9701817662594
1.58512547480792
5.95443860798806
-0.416230828939417
2.03426376031048
-1.03868377747422
-5.25974768718145
-1.10817029299491
0.283887086167805
1.16045067579021
3.72280133185148
0.823884594638591
1.80814143636725
-2.24866279971308
-5.16369570269679
-5.9423617163606
-5.39746070644237
1.70709848938585
-0.0680847740355222
0.0396160195554476
1.6410107127913
3.80844264382707
-4.89655503209927
-4.50200055834114
-1.67515714061122
7.71669518377883
-4.5698323106854
7.61917811420104
-4.19438288808739
2.78639444635553
1.22190173052636
-1.63948605619941
1.24366721895608
-5.68935894705065
0.448165574392703
0.293330123438662
-0.739755582874198
5.3269871554718
-3.83794686741129
-1.90517291481708
-8.14782988170372
-9.60943405907756
-4.2422554441806
0.647722429371953
-1.33334479778602
4.49454354177092
-3.27273413688991
2.62946626139075
1.76721433602476
-0.696529279709329
-2.01480654965569
0.353815338613883
-1.98031194918841
0.926685672044628
-4.46083103870964
2.48273982084795
0.463923509144256
-2.13292376156316
-0.00167744236178446
-5.34116387287882
-1.61256333963554
-1.61218943657608
3.05900968739402
0.316877513522276
-1.57941243660437
4.97789470915648
-2.83374767361579
2.89620382574696
-3.74564770882613
-2.62301174726872
0.593186689041308
-3.86759152022222
4.86148202895401
-0.855197665030178
-4.85083549270724
-4.39896838839331
6.50068236748824
-0.288584720473328
-5.53405079554985
-4.00958416740661
-2.61015370608942
3.1558521670651
5.59792342669881
5.05374507810107
-1.58360081821603
5.69011116410269
4.91601224275406
2.37777624506698
-0.46578235484411
7.76560023629905
-4.21366588765718
0.236671507752057
-3.96195699341069
1.27826060721988
1.88988175659549
-6.93882994685022
3.40614966527834
1.05181576538919
2.49876154411522
-1.2504748001088
-2.10458416658873
0.290894440299048
-9.0911596230899
-3.8546489808019
-0.718793613492925
-2.2685206535389
3.07829268696381
2.46590664922383
-9.60943405907756
-0.123970012018903
7.41673152007466
0.832616297336183
2.83361002477128
-0.970856594712787
0.0522683510526178
1.96087463639902
3.42678843829211
2.0283174371769
-3.53175658972996
7.55242423703865
0.769757487079846
5.82377063537909
6.37671446853271
-6.11331013689371
3.98636293951835
-2.80160663286669
-1.81034243700679
-2.37203306551821
5.14205855779513
-1.38747648479645
2.18451447148233
4.78669565381536
1.70076477730716
-6.53754161758037
0.722237590219311
3.86500152386301
-0.19083116631668
5.61888539608008
1.11161426972129
3.22791656180341
4.46620785668366
7.96764372418412
0.123063834296969
4.54201299162283
-3.54466049846619
7.27139463560938
-0.485739944320606
-0.341356992751471
1.18039977592784
0.920690329643115
-1.13406211990633
1.96369200715707
0.955283717906913
-1.5916503895222
8.09912181916287
1.03208190600363
-0.991438057713255
-1.4203455244939
-7.13171686952126
3.80910874439491
4.90139626005285
6.23505740802634
-8.1564627966048
-1.29907535515037
-0.212086271369702
2.6895398809858
-9.48709926237658
-0.123247350698411
7.62189187463662
1.84170671797776
3.23623746311002
1.83053079832094
0.824607255959083
3.53586666702418
2.4707978760699
3.33306207603726
-0.193130369139062
-3.0899141250137
-2.3224438470928
-4.12586697061319
0.367111170818389
-2.75367971987768
-0.997413094451356
-3.0332555093271
-1.92576191930227
0.421600105428724
1.40545289306193
-2.22137075876618
-4.51490082656431
-0.664342371403301
-0.92789643758545
-1.89776150659038
-0.145294557712412
-2.33778343896865
-3.59434190136677
0.462793831695287
10.2652658450728
-0.470773317340845
-5.17070305682803
-5.88219685045375
7.32208432830191
3.81006725674275
4.56225229968361
-1.99037885998324
1.90331406911723
1.59074785231334
1.45545824159066
0.941652299024388
-3.75850575000543
7.61428688735497
-2.86107897879827
-1.71429799400684
-0.369014456334484
-3.53867190413546
-2.17977755785586
-5.62983224422327
0.682714344425362
-0.999092064262836
-6.05138544344743
0.817684400068859
-4.62639213857549
5.0607448907476
-1.56637865087224
-1.79979774345593
4.03659659681446
-1.28306212122197
-6.08668356296315
0.573599371026728
0.916172067693137
-7.75911930276958
-4.20944830286367
3.67216362045991
2.63508863889617
-1.36059145997804
3.22958640872452
3.68017266183701
2.49808695420852
6.38472350990981
3.16636671927074
-3.93710063560341
-5.71803300181509
-1.01946030146536
8.01657137656484
-3.37451559698152
-1.66184823961616
-4.93958977038807
1.95143159912816
3.82979653667662
-6.15318214094869
5.29810739102523
6.79999201632322
5.4945360428896
-1.61889705171423
2.57321844709513
9.29468944149463
0.176917443236192
-5.18566968380779
-3.72528701310833
-1.22530184925536
-3.85473347904292
-4.7892771608357
1.03788002806188
-2.12459516510688
-1.80170952210572
-2.94350803373928
-1.40740298507358
4.13794386224065
-1.74357628524302
5.48191385273765
3.47566632214425
4.79539721516773
-1.78176042196809
-3.08851391097824
0.912057414742044
4.48475674278582
-1.08581107238644
1.81618425960264
-2.96486852991017
-6.08070615063021
-1.33194754655882
3.78320483178484
-5.45891176117853
3.19573625681873
-2.07739186129251
-7.11075490013999
3.51785715620497
-2.07811073735049
-4.41986171132328
3.47430833515264
-3.32237016103562
-2.44514047084538
0.554345574638781
-2.15388573094444
-8.76396514898342
-0.281984382470562
-6.4085827561281
0.196574345865448
0.203531931468109
0.93297036485538
1.76124541303069
5.08732559712123
4.08941473664954
-0.760386814403249
5.5465006520734
-0.108280723718651
4.26733598019496
-0.205797793296441
2.92698687950445
-0.117687016322946
3.25127273654108
1.54222330617393
-0.964198937005947
-8.50389751693543
1.30374083855113
-2.7141649634226
4.59524272703808
-5.88284350287209
4.48544562224802
2.57460342372095
-0.244551257746947
-6.17971746856745
-4.95911774387558
-7.43683493343189
-3.56705282322815
-2.16622699670129
2.68301555188519
1.46169316587283
0.0126766378412317
3.86921910865652
3.86572513303765
1.03878197965707
-2.31012139593395
-3.40176900724433
-6.18174909761161
-3.37514243331377
4.5629749610041
-1.25880339656509
2.62416343896451
-6.73509698486068
-2.25526313771584
5.6853650961429
4.40461278014556
0.435223034972382
-4.20944830286367
2.81368352449415
-3.49645847021424
-2.84813629462851
2.95065506783659
-6.37990209804232
-0.46650596401875
-2.49963393997887
-3.85153965560973
5.77095249554402
-2.47903284979504
-4.73442281250477
0.955359726809067
-4.40588370279882
0.672670033491036
-7.66472683994689
-4.22900641769641
3.99306301317178
3.1697577630472
4.58743279202177
1.63265291315317
